[[[[-2.62135802e+00 -2.42127175e+00 -2.20508168e+00 ... -1.40882525e+01
    -1.70045993e+01 -1.94964592e+01]
   [ 4.73998003e+00  4.47138286e+00  4.18616113e+00 ...  8.91359618e+00
     1.29711264e+01  1.67433571e+01]]

  [[ 5.34751917e+00  5.13341938e+00  4.89180724e+00 ...  1.34924790e+01
     1.33692053e+01  1.23014457e+01]
   [-7.64028059e+00 -7.47043338e+00 -7.26521688e+00 ... -1.15235857e+01
    -1.27685896e+01 -1.29556798e+01]]

  [[ 3.67302922e+00  3.31146487e+00  2.92983951e+00 ...  2.01723117e+00
    -9.47653936e-01 -3.62682561e+00]
   [-6.10463283e+00 -5.73496991e+00 -5.33596947e+00 ... -5.24713472e+00
    -2.18213113e+00  8.67373965e-01]]

  ...

  [[ 3.09268677e+00  2.99101120e+00  2.86866539e+00 ...  1.02980773e+00
    -8.68489354e-03 -9.79412021e-01]
   [-5.58326992e+00 -5.87460784e+00 -6.14363336e+00 ... -3.55234310e+00
    -2.91653641e+00 -2.17477901e+00]]

  [[-2.64991537e-01 -5.78883440e-01 -8.95213642e-01 ... -6.66866583e-01
    -3.80531065e-02  5.51574776e-01]
   [-6.79982070e+00 -6.59454923e+00 -6.35110302e+00 ...  3.35701142e+00
     3.02145119e+00  2.61514803e+00]]

  [[ 8.03553645e-01  7.88971828e-01  7.71363708e-01 ... -5.33690314e+00
    -6.75704732e+00 -8.17577006e+00]
   [-2.15197109e+00 -2.25009454e+00 -2.34192622e+00 ... -1.13523336e+01
    -1.03134551e+01 -9.09996407e+00]]]


 [[[-1.30846774e+00 -1.22272235e+00 -1.12939288e+00 ... -5.06979199e+00
    -6.57141110e+00 -7.93172986e+00]
   [ 2.32778120e+00  2.21094543e+00  2.08565931e+00 ...  2.19999210e+00
     4.15771260e+00  6.05033193e+00]]

  [[-1.52040730e+00 -1.45724850e+00 -1.38662758e+00 ... -2.54344636e-01
    -1.86131745e+00 -3.48233626e+00]
   [ 2.61942808e+00  2.53287278e+00  2.43537315e+00 ... -3.46351554e+00
    -1.66379589e+00  2.40504567e-01]]

  [[-1.72842112e+00 -1.70066399e+00 -1.66617515e+00 ...  6.32459686e+00
     5.28962962e+00  4.09457492e+00]
   [ 2.86464113e+00  2.84205883e+00  2.80600171e+00 ... -9.74386184e+00
    -8.91907774e+00 -7.86571439e+00]]

  ...

  [[-2.77071100e+00 -2.88425901e+00 -2.98428099e+00 ...  2.32614584e-01
    -7.31816167e-03 -2.33949130e-01]
   [-1.24325693e-01  2.62864650e-01  6.55041805e-01 ... -5.99928403e-01
    -5.21240200e-01 -4.19409603e-01]]

  [[ 3.90843829e-01  3.69275016e-01  3.46256191e-01 ... -8.94143267e+00
    -9.54824216e+00 -1.00589874e+01]
   [-1.65158649e+00 -1.68070159e+00 -1.70482461e+00 ... -4.29391709e-01
     8.22101901e-01  2.11547495e+00]]

  [[-6.68694637e-01 -6.07206672e-01 -5.42823561e-01 ...  8.88426357e+00
     9.52927429e+00  9.75092150e+00]
   [ 2.80394484e+00  2.79637652e+00  2.77852990e+00 ... -1.57249721e+00
    -3.37763890e+00 -4.97130930e+00]]]


 [[[ 1.07217840e+00  1.08063970e+00  1.08437097e+00 ... -2.99585398e+00
    -2.37017279e+00 -1.62583921e+00]
   [-1.37968418e+00 -1.40114247e+00 -1.41764551e+00 ...  3.83008177e+00
     3.43038387e+00  2.83788204e+00]]

  [[ 7.05817533e-01  7.50523594e-01  7.93084985e-01 ...  2.97399645e+00
     2.19723136e+00  1.29448162e+00]
   [-7.76798939e-01 -8.48796978e-01 -9.17506647e-01 ... -4.33381790e+00
    -3.73596055e+00 -2.93090854e+00]]

  [[-1.46572798e+00 -1.46130660e+00 -1.44849878e+00 ... -4.55179291e-01
    -3.47575650e-01 -2.20484864e-01]
   [ 1.87751080e+00  1.90913548e+00  1.93099986e+00 ...  4.67955932e-01
     3.85425596e-01  2.69792993e-01]]

  ...

  [[-6.47802878e-01 -7.00081202e-01 -7.49791730e-01 ...  4.02372672e-01
     3.55183001e-01  2.95354181e-01]
   [-6.08145588e-01 -5.02581505e-01 -3.92376877e-01 ... -1.40150988e-01
    -1.77717044e-01 -2.00839101e-01]]

  [[-1.74302617e-01 -2.36058997e-01 -2.97677236e-01 ...  1.07394395e-01
     2.10117414e-01  2.97111946e-01]
   [-1.23659183e+00 -1.18183857e+00 -1.11985101e+00 ...  5.09182529e-01
     4.20497546e-01  3.26525613e-01]]

  [[ 2.87150550e-01  2.35638323e-01  1.81721989e-01 ... -7.19285297e-01
    -6.66305272e-01 -5.88132808e-01]
   [-1.40776448e+00 -1.41205215e+00 -1.40918071e+00 ...  5.81944397e-01
     6.57912300e-01  7.07524319e-01]]]


 [[[ 1.28893325e-01  1.60841609e-01  1.92462411e-01 ...  5.69422027e-01
     1.05548588e+00  1.49378904e+00]
   [-3.06539477e-02 -7.58368145e-02 -1.21582380e-01 ...  1.40274224e-01
    -4.46442080e-01 -1.01892643e+00]]

  [[-2.99459266e-01 -2.82579690e-01 -2.64061919e-01 ... -7.52053313e-01
    -1.09488389e+00 -1.41917699e+00]
   [ 5.25948762e-01  5.02712958e-01  4.77480837e-01 ...  5.19399169e-02
     4.75115332e-01  8.97909133e-01]]

  [[-3.19475739e-01 -3.29647136e-01 -3.38977368e-01 ...  6.35099419e-01
     8.20762485e-01  1.00232363e+00]
   [ 3.94296544e-01  4.19540352e-01  4.43696626e-01 ... -6.18922299e-02
    -3.04952402e-01 -5.51564197e-01]]

  ...

  [[ 2.86039114e-02  2.34326080e-02  1.82225507e-02 ... -1.72648361e+00
    -1.58183238e+00 -1.40041827e+00]
   [-3.10383176e-01 -3.06687220e-01 -3.01850484e-01 ...  1.89020151e+00
     2.03165890e+00  2.13944078e+00]]

  [[ 8.91749188e-02  9.02312540e-02  9.10615149e-02 ...  6.94285762e-01
     6.03264083e-01  5.02197018e-01]
   [-1.04532897e-01 -1.18788595e-01 -1.33025313e-01 ... -1.38376021e+00
    -1.44353267e+00 -1.48973393e+00]]

  [[-4.51538484e-01 -4.76242393e-01 -4.98918217e-01 ...  1.28214010e-01
     8.57059384e-02  4.18865965e-02]
   [-1.57617206e-01 -9.08266187e-02 -2.23871609e-02 ... -1.18995699e-01
    -1.16771135e-01 -1.08028304e-01]]]


 [[[-7.10973317e-02 -8.27715334e-02 -9.43543437e-02 ... -8.06162844e-01
    -7.70763478e-01 -7.26261820e-01]
   [-2.09364686e-02 -8.21926823e-04  1.97113193e-02 ...  1.15871511e+00
     1.15497545e+00  1.13854800e+00]]

  [[ 3.04540441e-01  2.85222978e-01  2.64321835e-01 ...  6.86861117e-01
     5.22933916e-01  3.33076553e-01]
   [-4.62702640e-01 -4.44643863e-01 -4.24408676e-01 ... -7.99803599e-01
    -6.88876790e-01 -5.32607469e-01]]

  [[ 3.22194185e-01  3.04540441e-01  2.85222978e-01 ...  8.10222905e-01
     6.86861117e-01  5.22933916e-01]
   [-4.78516531e-01 -4.62702640e-01 -4.44643863e-01 ... -8.53313407e-01
    -7.99803599e-01 -6.88876790e-01]]

  ...

  [[ 5.96435481e-02  6.06828112e-02  6.15671707e-02 ...  5.83315425e-01
     5.35003935e-01  4.79341171e-01]
   [-5.26311630e-02 -6.23618651e-02 -7.21704580e-02 ... -8.48167401e-01
    -9.05576507e-01 -9.55360565e-01]]

  [[-3.81617013e-01 -3.90251648e-01 -3.96766099e-01 ... -5.45228271e-02
    -7.63225034e-02 -9.37904641e-02]
   [ 1.30537388e-01  1.79703994e-01  2.28648214e-01 ... -3.75437313e-02
    -2.19708897e-02 -6.36567915e-03]]

  [[ 4.91979119e-02  2.65888822e-02  3.41653503e-03 ... -1.91662452e-01
    -1.47422307e-01 -9.97139271e-02]
   [-5.47494942e-01 -5.40624751e-01 -5.30837432e-01 ...  2.85890679e-01
     2.84830596e-01  2.74440601e-01]]]] 
